<?xml version="1.0" encoding="utf-8"?>
<svg xmlns="http://www.w3.org/2000/svg" viewBox="0 0 500 350" width="500px" height="500px">
    <g transform="matrix(1, 0, 0, 1, 0, 0)">
    <g transform="matrix(1, 0, 0, 1, 40.107933, -81.888359)">
      <path fill="#51bb3a" opacity="1.000000" stroke="#51bb3a" stroke-width="3" d="M 163.922 100.206 C 164.674 100.26 165.427 100.314 167.009 100.373 C 183.869 100.321 199.898 100.264 215.928 100.207 C 234.286 100.271 252.644 100.334 271.461 100.302 C 272.367 100.254 272.813 100.302 274.048 100.364 C 279.882 100.381 284.928 100.384 290.188 100.545 C 290.921 100.772 291.439 100.84 292.288 101.098 C 302.427 104.516 307.289 111.638 308.587 121.567 C 308.498 122.314 308.409 123.06 308.386 124.18 C 308.433 124.992 308.414 125.43 308.433 126.502 C 308.511 127.347 308.551 127.56 308.477 128.214 C 308.44 144.966 308.518 161.277 308.597 177.588 C 308.527 178.321 308.456 179.054 308.375 180.603 C 308.36 198.133 308.356 214.847 308.351 231.561 C 308.151 231.975 307.95 232.39 307.447 233.331 C 306.082 234.883 305.021 235.909 303.526 236.956 C 301.354 237.041 299.618 237.105 297.612 236.933 C 296.027 235.336 294.712 233.976 293.407 232.344 C 293.229 231.573 293.04 231.071 292.919 230.104 C 292.893 213.267 292.799 196.896 292.802 180.161 C 292.835 179.051 292.771 178.306 292.814 177.101 C 292.849 159.939 292.778 143.236 292.804 126.172 C 292.858 125.07 292.813 124.328 292.872 123.199 C 293.075 117.943 290.24 115.816 285.82 115.693 C 281.171 115.565 276.511 115.851 271.547 115.889 C 270.82 115.867 270.403 115.912 269.525 115.845 C 252 115.807 234.935 115.881 217.558 115.886 C 216.823 115.862 216.4 115.909 215.518 115.844 C 197.991 115.807 180.925 115.881 163.549 115.889 C 162.823 115.867 162.406 115.912 161.528 115.845 C 159.082 115.684 157.071 115.413 155.116 115.634 C 150.967 116.103 146.847 116.828 142.465 117.582 C 141.818 118.336 141.42 118.956 140.806 119.883 C 140.502 121.666 140.415 123.142 140.256 124.977 C 140.261 126.059 140.339 126.782 140.306 127.965 C 140.265 144.809 140.336 161.192 140.309 177.936 C 140.276 179.035 140.342 179.773 140.296 180.971 C 140.148 194.026 140.032 206.621 140.11 219.215 C 140.146 225.066 142.388 227.667 148.116 228.815 C 152.655 229.725 157.249 230.362 161.877 231.201 C 161.936 231.282 162.134 231.248 162.383 231.419 C 163.419 231.661 164.206 231.731 165.345 231.953 C 166.454 232.204 167.21 232.304 168.23 232.566 C 169.304 232.804 170.114 232.879 171.3 233.111 C 172.745 233.388 173.814 233.508 175.254 233.795 C 178.632 234.474 181.64 234.986 184.964 235.672 C 195.492 237.732 205.704 239.618 216.227 241.634 C 216.984 241.777 217.43 241.789 218.211 241.981 C 235.661 245.355 252.777 248.549 270.188 251.888 C 270.918 252.062 271.352 252.092 272.119 252.293 C 277.965 253.573 283.519 254.514 288.983 255.827 C 301.228 258.77 307.833 267.068 308.196 279.595 C 308.254 281.574 308.422 283.549 308.424 285.983 C 308.392 304.16 308.475 321.881 308.558 339.601 C 308.503 340.03 308.447 340.458 308.373 341.65 C 308.287 344.573 308.334 346.745 308.132 348.893 C 307.425 356.383 304.646 362.971 297.642 366.368 C 293.752 368.255 289.11 369.376 284.784 369.449 C 262.503 369.826 240.215 369.751 217.468 369.742 C 193.885 369.623 170.764 369.648 147.643 369.55 C 134.135 369.493 125.22 360.543 124.918 347.013 C 124.862 344.525 124.708 342.04 124.697 339.093 C 124.836 320.654 124.905 302.676 124.91 284.697 C 124.913 270.062 124.553 269.65 110.127 266.003 C 109.607 265.756 109.086 265.509 108.06 265.07 C 106.636 264.678 105.718 264.479 104.584 264.026 C 103.55 263.516 102.733 263.258 101.596 262.788 C 97.801 261.46 94.325 260.344 90.633 258.966 C 89.584 258.428 88.752 258.152 87.659 257.636 C 82.942 253.729 81.933 250.474 84.099 246.753 C 86.281 243.003 89.657 242.171 95.001 244.007 C 99.243 245.465 103.502 246.875 107.972 248.486 C 108.733 248.807 109.275 248.95 110.077 249.303 C 114.829 251.191 119.279 252.992 123.821 254.519 C 130.625 256.806 135.576 260.961 138.537 267.612 C 139.158 269.006 140.875 270.556 142.315 270.829 C 148.796 272.058 155.36 272.853 162.19 273.949 C 162.918 274.117 163.351 274.142 164.131 274.328 C 181.621 277.218 198.764 279.946 216.208 282.806 C 216.943 282.955 217.378 282.97 218.16 283.161 C 225.62 284.441 232.731 285.545 240.204 286.806 C 250.997 288.61 261.429 290.258 272.191 292.08 C 276.243 292.904 279.963 293.565 283.687 294.2 C 293.939 295.95 293.94 295.946 292.87 285.09 C 292.841 279.709 294.345 274.136 287.68 271.489 C 286.948 271.2 286.418 271.103 285.571 270.875 C 284.801 270.707 284.348 270.669 283.63 270.458 C 282.539 270.199 281.714 270.113 280.568 269.904 C 279.793 269.747 279.338 269.714 278.56 269.495 C 275.453 268.844 272.669 268.379 269.519 267.765 C 267.068 267.282 264.984 266.949 262.679 266.46 C 261.935 266.278 261.411 266.25 260.531 266.072 C 259.411 265.837 258.647 265.752 257.665 265.513 C 256.927 265.327 256.407 265.296 255.53 265.111 C 254.405 264.876 253.637 264.794 252.652 264.561 C 251.919 264.378 251.403 264.348 250.53 264.161 C 249.4 263.921 248.628 263.837 247.641 263.602 C 246.913 263.412 246.4 263.375 245.5 263.172 C 242.37 262.557 239.628 262.107 236.667 261.504 C 235.928 261.321 235.407 261.291 234.531 261.107 C 233.407 260.868 232.64 260.784 231.655 260.548 C 230.92 260.367 230.404 260.338 229.53 260.151 C 228.401 259.913 227.629 259.831 226.641 259.599 C 225.912 259.415 225.4 259.38 224.483 259.175 C 222.065 258.712 220.051 258.418 217.8 257.975 C 217.01 257.77 216.458 257.716 215.686 257.506 C 214.94 257.317 214.414 257.285 213.532 257.099 C 212.409 256.861 211.642 256.776 210.657 256.54 C 209.921 256.362 209.404 256.333 208.53 256.148 C 207.402 255.909 206.631 255.826 205.643 255.594 C 204.914 255.412 204.401 255.381 203.513 255.186 C 202.06 254.881 200.982 254.741 199.683 254.448 C 198.937 254.269 198.412 254.242 197.534 254.061 C 196.418 253.816 195.655 253.727 194.673 253.484 C 193.931 253.308 193.409 253.284 192.532 253.105 C 191.411 252.859 190.645 252.769 189.66 252.53 C 188.923 252.357 188.405 252.333 187.531 252.151 C 186.405 251.904 185.635 251.815 184.647 251.578 C 183.916 251.406 183.402 251.381 182.515 251.189 C 181.063 250.878 179.985 250.735 178.685 250.441 C 177.938 250.265 177.413 250.24 176.534 250.06 C 175.417 249.816 174.654 249.728 173.671 249.488 C 172.93 249.311 172.409 249.286 171.533 249.104 C 170.411 248.859 169.644 248.772 168.659 248.533 C 167.923 248.357 167.406 248.332 166.538 248.149 C 165.427 247.895 164.667 247.8 163.684 247.55 C 162.929 247.36 162.398 247.325 161.494 247.131 C 160.054 246.832 158.987 246.694 157.697 246.409 C 156.953 246.233 156.432 246.204 155.556 246.02 C 154.435 245.777 153.669 245.689 152.682 245.456 C 151.944 245.283 151.428 245.254 150.555 245.068 C 149.428 244.821 148.658 244.732 147.668 244.5 C 146.937 244.327 146.424 244.298 145.548 244.096 C 137.719 242.204 131.735 238.316 127.5 231.736 C 127.496 231.615 127.306 231.466 127.243 231.061 C 126.445 226.084 125.107 221.517 125.072 216.94 C 124.868 190.283 124.984 163.623 124.954 136.963 C 124.95 133.475 124.724 129.987 124.601 126.498 C 124.643 126.062 124.685 125.625 124.641 124.868 C 124.63 123.796 124.706 123.043 124.805 121.593 C 124.83 120.435 124.832 119.975 124.981 119.294 C 125.164 118.552 125.2 118.032 125.39 117.195 C 125.61 116.414 125.675 115.951 125.92 115.282 C 126.225 114.557 126.351 114.037 126.691 113.239 C 128.261 110.862 129.615 108.763 131.263 106.549 C 132.145 105.851 132.734 105.267 133.639 104.566 C 136.265 103.304 138.575 102.159 141.154 101.046 C 141.907 100.863 142.393 100.65 143.348 100.468 C 150.52 100.401 157.221 100.304 163.922 100.206 M 217.032 332.523 C 207.067 332.21 207.067 332.21 207.368 340.416 C 207.331 343.883 207.342 347.352 207.243 350.817 C 207.167 353.481 208.213 354.877 211.025 354.648 C 212.665 354.514 214.312 354.454 216.61 354.475 C 217.046 354.417 217.482 354.358 218.78 354.478 C 225.771 354.633 225.799 354.633 225.773 347.492 C 225.763 344.847 225.588 342.201 225.677 338.712 C 225.775 332.051 225.73 332.016 217.032 332.523 M 218.831 316.946 C 220.747 316.862 222.663 316.778 225.021 316.674 C 225.021 311.569 225.135 306.945 224.922 302.337 C 224.881 301.451 223.552 300.625 222.139 299.419 C 217.482 298.636 212.824 297.853 207.246 296.916 C 207.246 302.836 207.368 307.895 207.203 312.946 C 207.097 316.185 208.421 317.52 211.578 317.205 C 213.046 317.059 214.518 316.944 216.639 316.944 C 217.071 316.875 217.504 316.805 218.831 316.946 M 141.24 332.78 C 140.943 334.043 140.645 335.305 140.182 337.308 C 140.255 338.056 140.328 338.805 140.218 340.19 C 140.26 340.627 140.303 341.064 140.119 342.364 C 140.001 346.96 138.816 352.472 144.835 353.973 C 148.853 354.975 153.559 354.895 157.461 353.691 C 158.684 353.313 158.384 347.707 158.598 344.481 C 158.706 342.849 158.406 341.19 158.463 338.734 C 159.423 333.692 157.336 331.8 152.301 332.369 C 148.878 332.755 145.396 332.616 141.24 332.78 M 259.332 338.778 C 260.235 333.879 258.393 331.689 253.275 332.382 C 251.341 332.644 249.342 332.416 247.372 332.425 C 240.698 332.458 240.698 332.46 240.992 340.437 C 240.971 344.064 240.678 347.722 241.084 351.3 C 241.22 352.502 243.029 354.307 244.257 354.472 C 258.885 356.433 260.576 354.739 259.282 340.043 C 259.268 339.881 259.206 339.723 259.332 338.778 M 158.618 311.696 C 158.62 308.532 158.624 305.368 158.623 302.203 C 158.62 287.951 158.611 288.024 144.248 286.354 C 141.173 285.996 139.933 286.802 139.974 289.95 C 140.071 297.609 140.076 305.272 139.972 312.931 C 139.933 315.847 140.956 317.258 144.009 317.156 C 147.502 317.039 151.01 316.993 154.497 317.178 C 157.945 317.36 158.901 315.622 158.618 311.696 M 192.194 308.951 C 192.194 306.958 192.193 304.964 192.195 302.97 C 192.202 292.778 192.519 294.498 183.929 293.136 C 172.642 291.347 173.749 289.654 173.675 302.027 C 173.668 303.357 173.674 304.686 173.674 306.015 C 173.675 317.158 173.675 317.158 184.705 317.131 C 192.136 317.113 192.136 317.113 192.194 308.951 M 173.756 335.352 C 173.732 339.514 173.687 343.676 173.689 347.838 C 173.693 354.572 173.706 354.572 180.62 354.592 C 192.151 354.625 192.213 354.625 192.17 342.937 C 192.125 330.698 193.402 332.483 181.435 332.496 C 178.915 332.499 176.397 333.745 173.756 335.352 M 274.561 339.153 C 274.572 342.964 274.676 346.777 274.565 350.585 C 274.476 353.606 275.822 354.804 278.751 354.597 C 280.234 354.492 281.732 354.599 283.223 354.587 C 291.068 354.521 293.109 352.656 293.045 344.994 C 292.92 330.098 295.132 332.818 280.514 332.331 C 276.053 332.182 273.905 333.543 274.561 339.153 M 240.874 308.229 C 240.992 317.581 239.577 317.159 249.619 317.188 C 250.449 317.191 251.278 317.19 252.108 317.188 C 259.914 317.17 259.79 317.173 259.565 309.485 C 259.475 306.381 258.277 304.972 255.238 304.649 C 252.107 304.316 248.97 303.841 245.906 303.127 C 242.175 302.258 240.508 303.476 240.874 308.229 M 292.836 315.748 C 293.806 312.198 292.348 310.507 288.783 310.097 C 285.176 309.682 281.611 308.748 278.005 308.597 C 276.88 308.55 274.815 310.212 274.696 311.263 C 274.455 313.381 273.221 316.901 277.147 317.03 C 282.208 317.197 287.292 316.679 292.836 315.748 Z"/>
      <path fill="#51bb3a" opacity="1.000000" stroke="#51bb3a" stroke-width="3" d="M 101.221 233.556 C 95.283 241.535 95.284 241.534 89.846 233.059 C 89.582 232.648 89.279 232.262 88.649 231.315 C 84.302 224.24 80.513 217.571 76.247 211.223 C 69.805 201.636 68.759 191.881 74.272 181.592 C 74.822 180.921 75.372 180.25 76.037 179.271 C 85.433 170.079 95.81 167.641 107.969 173.702 C 108.761 174.193 109.199 174.604 110.08 175.396 C 120.941 186.118 122.364 197.226 114.939 209.977 C 112.943 213.405 111.028 216.88 108.891 220.495 C 108.51 221.096 108.315 221.537 107.856 222.21 C 105.853 225.502 104.113 228.561 102.155 231.809 C 101.698 232.517 101.46 233.037 101.221 233.556 M 105.224 193.479 C 104.164 187.423 97.762 184.353 93.216 184.971 C 88.337 185.635 83.367 191.901 85.165 196.997 C 86.515 200.824 90.786 205.035 95.323 205.123 C 100.022 205.214 106.423 200.328 105.224 193.479 Z"/>
      <path fill="#51bb3a" opacity="1.000000" stroke="#51bb3a" stroke-width="3" d="M 198.004 394.065 C 198.216 399.392 199.24 404.733 198.076 409.545 C 195.064 421.994 184.237 428.236 169.411 426.864 C 167.912 426.854 166.872 426.807 165.444 426.732 C 153.991 418.881 147.618 409.018 151.105 394.414 C 151.4 393.556 151.795 393.113 152.301 392.391 C 157.327 383.921 164.132 378.504 174.031 378.315 C 184.262 378.119 191.783 382.904 197.013 391.975 C 197.43 392.744 197.625 393.291 198.004 394.065 M 178.355 411.288 C 182.481 409.431 184.826 405.988 183.804 401.788 C 183.113 398.952 180.829 395.874 178.369 394.251 C 174.886 391.954 170.912 393.11 168.013 396.176 C 164.963 399.4 164.466 403.287 166.596 407.18 C 168.992 411.559 172.895 412.728 178.355 411.288 Z"/>
      <path fill="#51bb3a" opacity="1.000000" stroke="#51bb3a" stroke-width="3" d="M 258.609 428.028 C 254.543 428.498 250.7 429.334 246.981 428.953 C 232.055 427.425 221.836 412.524 226.708 396.611 C 227.016 395.695 227.294 395.195 227.599 394.406 C 232.48 386.134 239.083 380.676 248.807 380.37 C 259.264 380.042 266.944 384.85 272.296 394.097 C 272.654 394.725 272.787 395.135 273.121 395.803 C 276.13 411.354 272.743 419.655 260.431 427.252 C 259.754 427.582 259.322 427.708 258.609 428.028 M 258.462 400.755 C 254.185 394.614 247.956 393.463 243.431 397.978 C 240.221 401.181 239.686 406.054 242.128 409.849 C 244.555 413.621 249.23 415.076 253.491 413.387 C 258.106 411.557 259.875 407.569 258.462 400.755 Z" style=""/>
      <rect x="186.082" width="60" height="8" rx="4.709" ry="4.709" style="fill: rgb(81, 187, 58); stroke: rgb(81, 187, 58); stroke-width: 3px;" y="125"/>
    </g>
  </g>
</svg>