<?xml version="1.0" encoding="utf-8"?>
<svg xmlns="http://www.w3.org/2000/svg"  viewBox="0 0 442.03 442.03"  width="442.03px" height="442.03px">
  <g transform="matrix(1, 0, 0, 1, 0, 0)">
    <g transform="matrix(1, 0, 0, 1, 40.107933, -81.888359)">
      <path fill="#51bb3a" opacity="1.000000" stroke="#51bb3a" stroke-width="3" d="M 140.282 143.162 C 141.034 143.216 141.787 143.27 143.369 143.329 C 160.229 143.277 176.258 143.22 192.288 143.163 C 210.646 143.227 229.004 143.29 247.821 143.258 C 248.727 143.21 249.173 143.258 250.408 143.32 C 256.242 143.337 261.288 143.34 266.548 143.501 C 267.281 143.728 267.799 143.796 268.648 144.054 C 278.787 147.472 283.649 154.594 284.947 164.523 C 284.858 165.27 284.769 166.016 284.746 167.136 C 284.793 167.948 284.774 168.386 284.793 169.458 C 284.871 170.303 284.911 170.516 284.837 171.17 C 284.8 187.922 284.878 204.233 284.957 220.544 C 284.887 221.277 284.816 222.01 284.735 223.559 C 284.72 241.089 284.716 257.803 284.711 274.517 C 284.511 274.931 284.31 275.346 283.807 276.287 C 282.442 277.839 281.381 278.865 279.886 279.912 C 277.714 279.997 275.978 280.061 273.972 279.889 C 272.387 278.292 271.072 276.932 269.767 275.3 C 269.589 274.529 269.4 274.027 269.279 273.06 C 269.253 256.223 269.159 239.852 269.162 223.117 C 269.195 222.007 269.131 221.262 269.174 220.057 C 269.209 202.895 269.138 186.192 269.164 169.128 C 269.218 168.026 269.173 167.284 269.232 166.155 C 269.435 160.899 266.6 158.772 262.18 158.649 C 257.531 158.521 252.871 158.807 247.907 158.845 C 247.18 158.823 246.763 158.868 245.885 158.801 C 228.36 158.763 211.295 158.837 193.918 158.842 C 193.183 158.818 192.76 158.865 191.878 158.8 C 174.351 158.763 157.285 158.837 139.909 158.845 C 139.183 158.823 138.766 158.868 137.888 158.801 C 135.442 158.64 133.431 158.369 131.476 158.59 C 127.327 159.059 123.207 159.784 118.825 160.538 C 118.178 161.292 117.78 161.912 117.166 162.839 C 116.862 164.622 116.775 166.098 116.616 167.933 C 116.621 169.015 116.699 169.738 116.666 170.921 C 116.625 187.765 116.696 204.148 116.669 220.892 C 116.636 221.991 116.702 222.729 116.656 223.927 C 116.508 236.982 116.392 249.577 116.47 262.171 C 116.506 268.022 118.748 270.623 124.476 271.771 C 129.015 272.681 133.609 273.318 138.237 274.157 C 138.296 274.238 138.494 274.204 138.743 274.375 C 139.779 274.617 140.566 274.687 141.705 274.909 C 142.814 275.16 143.57 275.26 144.59 275.522 C 145.664 275.76 146.474 275.835 147.66 276.067 C 149.105 276.344 150.174 276.464 151.614 276.751 C 154.992 277.43 158 277.942 161.324 278.628 C 171.852 280.688 182.064 282.574 192.587 284.59 C 193.344 284.733 193.79 284.745 194.571 284.937 C 212.021 288.311 229.137 291.505 246.548 294.844 C 247.278 295.018 247.712 295.048 248.479 295.249 C 254.325 296.529 259.879 297.47 265.343 298.783 C 277.588 301.726 284.193 310.024 284.556 322.551 C 284.614 324.53 284.782 326.505 284.784 328.939 C 284.752 347.116 284.835 364.837 284.918 382.557 C 284.863 382.986 284.807 383.414 284.733 384.606 C 284.647 387.529 284.694 389.701 284.492 391.849 C 283.785 399.339 281.006 405.927 274.002 409.324 C 270.112 411.211 265.47 412.332 261.144 412.405 C 238.863 412.782 216.575 412.707 193.828 412.698 C 170.245 412.579 147.124 412.604 124.003 412.506 C 110.495 412.449 101.58 403.499 101.278 389.969 C 101.222 387.481 101.068 384.996 101.057 382.049 C 101.196 363.61 101.265 345.632 101.27 327.653 C 101.273 313.018 100.913 312.606 86.487 308.959 C 85.967 308.712 85.446 308.465 84.42 308.026 C 82.996 307.634 82.078 307.435 80.944 306.982 C 79.91 306.472 79.093 306.214 77.956 305.744 C 74.161 304.416 70.685 303.3 66.993 301.922 C 65.944 301.384 65.112 301.108 64.019 300.592 C 59.302 296.685 58.293 293.43 60.459 289.709 C 62.641 285.959 66.017 285.127 71.361 286.963 C 75.603 288.421 79.862 289.831 84.332 291.442 C 85.093 291.763 85.635 291.906 86.437 292.259 C 91.189 294.147 95.639 295.948 100.181 297.475 C 106.985 299.762 111.936 303.917 114.897 310.568 C 115.518 311.962 117.235 313.512 118.675 313.785 C 125.156 315.014 131.72 315.809 138.55 316.905 C 139.278 317.073 139.711 317.098 140.491 317.284 C 157.981 320.174 175.124 322.902 192.568 325.762 C 193.303 325.911 193.738 325.926 194.52 326.117 C 201.98 327.397 209.091 328.501 216.564 329.762 C 227.357 331.566 237.789 333.214 248.551 335.036 C 252.603 335.86 256.323 336.521 260.047 337.156 C 270.299 338.906 270.3 338.902 269.23 328.046 C 269.201 322.665 270.705 317.092 264.04 314.445 C 263.308 314.156 262.778 314.059 261.931 313.831 C 261.161 313.663 260.708 313.625 259.99 313.414 C 258.899 313.155 258.074 313.069 256.928 312.86 C 256.153 312.703 255.698 312.67 254.92 312.451 C 251.813 311.8 249.029 311.335 245.879 310.721 C 243.428 310.238 241.344 309.905 239.039 309.416 C 238.295 309.234 237.771 309.206 236.891 309.028 C 235.771 308.793 235.007 308.708 234.025 308.469 C 233.287 308.283 232.767 308.252 231.89 308.067 C 230.765 307.832 229.997 307.75 229.012 307.517 C 228.279 307.334 227.763 307.304 226.89 307.117 C 225.76 306.877 224.988 306.793 224.001 306.558 C 223.273 306.368 222.76 306.331 221.86 306.128 C 218.73 305.513 215.988 305.063 213.027 304.46 C 212.288 304.277 211.767 304.247 210.891 304.063 C 209.767 303.824 209 303.74 208.015 303.504 C 207.28 303.323 206.764 303.294 205.89 303.107 C 204.761 302.869 203.989 302.787 203.001 302.555 C 202.272 302.371 201.76 302.336 200.843 302.131 C 198.425 301.668 196.411 301.374 194.16 300.931 C 193.37 300.726 192.818 300.672 192.046 300.462 C 191.3 300.273 190.774 300.241 189.892 300.055 C 188.769 299.817 188.002 299.732 187.017 299.496 C 186.281 299.318 185.764 299.289 184.89 299.104 C 183.762 298.865 182.991 298.782 182.003 298.55 C 181.274 298.368 180.761 298.337 179.873 298.142 C 178.42 297.837 177.342 297.697 176.043 297.404 C 175.297 297.225 174.772 297.198 173.894 297.017 C 172.778 296.772 172.015 296.683 171.033 296.44 C 170.291 296.264 169.769 296.24 168.892 296.061 C 167.771 295.815 167.005 295.725 166.02 295.486 C 165.283 295.313 164.765 295.289 163.891 295.107 C 162.765 294.86 161.995 294.771 161.007 294.534 C 160.276 294.362 159.762 294.337 158.875 294.145 C 157.423 293.834 156.345 293.691 155.045 293.397 C 154.298 293.221 153.773 293.196 152.894 293.016 C 151.777 292.772 151.014 292.684 150.031 292.444 C 149.29 292.267 148.769 292.242 147.893 292.06 C 146.771 291.815 146.004 291.728 145.019 291.489 C 144.283 291.313 143.766 291.288 142.898 291.105 C 141.787 290.851 141.027 290.756 140.044 290.506 C 139.289 290.316 138.758 290.281 137.854 290.087 C 136.414 289.788 135.347 289.65 134.057 289.365 C 133.313 289.189 132.792 289.16 131.916 288.976 C 130.795 288.733 130.029 288.645 129.042 288.412 C 128.304 288.239 127.788 288.21 126.915 288.024 C 125.788 287.777 125.018 287.688 124.028 287.456 C 123.297 287.283 122.784 287.254 121.908 287.052 C 114.079 285.16 108.095 281.272 103.86 274.692 C 103.856 274.571 103.666 274.422 103.603 274.017 C 102.805 269.04 101.467 264.473 101.432 259.896 C 101.228 233.239 101.344 206.579 101.314 179.919 C 101.31 176.431 101.084 172.943 100.961 169.454 C 101.003 169.018 101.045 168.581 101.001 167.824 C 100.99 166.752 101.066 165.999 101.165 164.549 C 101.19 163.391 101.192 162.931 101.341 162.25 C 101.524 161.508 101.56 160.988 101.75 160.151 C 101.97 159.37 102.035 158.907 102.28 158.238 C 102.585 157.513 102.711 156.993 103.051 156.195 C 104.621 153.818 105.975 151.719 107.623 149.505 C 108.505 148.807 109.094 148.223 109.999 147.522 C 112.625 146.26 114.935 145.115 117.514 144.002 C 118.267 143.819 118.753 143.606 119.708 143.424 C 126.88 143.357 133.581 143.26 140.282 143.162 M 193.392 375.479 C 183.427 375.166 183.427 375.166 183.728 383.372 C 183.691 386.839 183.702 390.308 183.603 393.773 C 183.527 396.437 184.573 397.833 187.385 397.604 C 189.025 397.47 190.672 397.41 192.97 397.431 C 193.406 397.373 193.842 397.314 195.14 397.434 C 202.131 397.589 202.159 397.589 202.133 390.448 C 202.123 387.803 201.948 385.157 202.037 381.668 C 202.135 375.007 202.09 374.972 193.392 375.479 M 195.191 359.902 C 197.107 359.818 199.023 359.734 201.381 359.63 C 201.381 354.525 201.495 349.901 201.282 345.293 C 201.241 344.407 199.912 343.581 198.499 342.375 C 193.842 341.592 189.184 340.809 183.606 339.872 C 183.606 345.792 183.728 350.851 183.563 355.902 C 183.457 359.141 184.781 360.476 187.938 360.161 C 189.406 360.015 190.878 359.9 192.999 359.9 C 193.431 359.831 193.864 359.761 195.191 359.902 M 117.6 375.736 C 117.303 376.999 117.005 378.261 116.542 380.264 C 116.615 381.012 116.688 381.761 116.578 383.146 C 116.62 383.583 116.663 384.02 116.479 385.32 C 116.361 389.916 115.176 395.428 121.195 396.929 C 125.213 397.931 129.919 397.851 133.821 396.647 C 135.044 396.269 134.744 390.663 134.958 387.437 C 135.066 385.805 134.766 384.146 134.823 381.69 C 135.783 376.648 133.696 374.756 128.661 375.325 C 125.238 375.711 121.756 375.572 117.6 375.736 M 235.692 381.734 C 236.595 376.835 234.753 374.645 229.635 375.338 C 227.701 375.6 225.702 375.372 223.732 375.381 C 217.058 375.414 217.058 375.416 217.352 383.393 C 217.331 387.02 217.038 390.678 217.444 394.256 C 217.58 395.458 219.389 397.263 220.617 397.428 C 235.245 399.389 236.936 397.695 235.642 382.999 C 235.628 382.837 235.566 382.679 235.692 381.734 M 134.978 354.652 C 134.98 351.488 134.984 348.324 134.983 345.159 C 134.98 330.907 134.971 330.98 120.608 329.31 C 117.533 328.952 116.293 329.758 116.334 332.906 C 116.431 340.565 116.436 348.228 116.332 355.887 C 116.293 358.803 117.316 360.214 120.369 360.112 C 123.862 359.995 127.37 359.949 130.857 360.134 C 134.305 360.316 135.261 358.578 134.978 354.652 M 168.554 351.907 C 168.554 349.914 168.553 347.92 168.555 345.926 C 168.562 335.734 168.879 337.454 160.289 336.092 C 149.002 334.303 150.109 332.61 150.035 344.983 C 150.028 346.313 150.034 347.642 150.034 348.971 C 150.035 360.114 150.035 360.114 161.065 360.087 C 168.496 360.069 168.496 360.069 168.554 351.907 M 150.116 378.308 C 150.092 382.47 150.047 386.632 150.049 390.794 C 150.053 397.528 150.066 397.528 156.98 397.548 C 168.511 397.581 168.573 397.581 168.53 385.893 C 168.485 373.654 169.762 375.439 157.795 375.452 C 155.275 375.455 152.757 376.701 150.116 378.308 M 250.921 382.109 C 250.932 385.92 251.036 389.733 250.925 393.541 C 250.836 396.562 252.182 397.76 255.111 397.553 C 256.594 397.448 258.092 397.555 259.583 397.543 C 267.428 397.477 269.469 395.612 269.405 387.95 C 269.28 373.054 271.492 375.774 256.874 375.287 C 252.413 375.138 250.265 376.499 250.921 382.109 M 217.234 351.185 C 217.352 360.537 215.937 360.115 225.979 360.144 C 226.809 360.147 227.638 360.146 228.468 360.144 C 236.274 360.126 236.15 360.129 235.925 352.441 C 235.835 349.337 234.637 347.928 231.598 347.605 C 228.467 347.272 225.33 346.797 222.266 346.083 C 218.535 345.214 216.868 346.432 217.234 351.185 M 269.196 358.704 C 270.166 355.154 268.708 353.463 265.143 353.053 C 261.536 352.638 257.971 351.704 254.365 351.553 C 253.24 351.506 251.175 353.168 251.056 354.219 C 250.815 356.337 249.581 359.857 253.507 359.986 C 258.568 360.153 263.652 359.635 269.196 358.704 Z"/>
      <path fill="#51bb3a" opacity="1.000000" stroke="#51bb3a" stroke-width="3" d="M 77.581 276.512 C 71.643 284.491 71.644 284.49 66.206 276.015 C 65.942 275.604 65.639 275.218 65.009 274.271 C 60.662 267.196 56.873 260.527 52.607 254.179 C 46.165 244.592 45.119 234.837 50.632 224.548 C 51.182 223.877 51.732 223.206 52.397 222.227 C 61.793 213.035 72.17 210.597 84.329 216.658 C 85.121 217.149 85.559 217.56 86.44 218.352 C 97.301 229.074 98.724 240.182 91.299 252.933 C 89.303 256.361 87.388 259.836 85.251 263.451 C 84.87 264.052 84.675 264.493 84.216 265.166 C 82.213 268.458 80.473 271.517 78.515 274.765 C 78.058 275.473 77.82 275.993 77.581 276.512 M 81.584 236.435 C 80.524 230.379 74.122 227.309 69.576 227.927 C 64.697 228.591 59.727 234.857 61.525 239.953 C 62.875 243.78 67.146 247.991 71.683 248.079 C 76.382 248.17 82.783 243.284 81.584 236.435 Z"/>
      <path fill="#51bb3a" opacity="1.000000" stroke="#51bb3a" stroke-width="3" d="M 174.364 437.021 C 174.576 442.348 175.6 447.689 174.436 452.501 C 171.424 464.95 160.597 471.192 145.771 469.82 C 144.272 469.81 143.232 469.763 141.804 469.688 C 130.351 461.837 123.978 451.974 127.465 437.37 C 127.76 436.512 128.155 436.069 128.661 435.347 C 133.687 426.877 140.492 421.46 150.391 421.271 C 160.622 421.075 168.143 425.86 173.373 434.931 C 173.79 435.7 173.985 436.247 174.364 437.021 M 154.715 454.244 C 158.841 452.387 161.186 448.944 160.164 444.744 C 159.473 441.908 157.189 438.83 154.729 437.207 C 151.246 434.91 147.272 436.066 144.373 439.132 C 141.323 442.356 140.826 446.243 142.956 450.136 C 145.352 454.515 149.255 455.684 154.715 454.244 Z"/>
      <path fill="#51bb3a" opacity="1.000000" stroke="#51bb3a" stroke-width="3" d="M 234.969 470.984 C 230.903 471.454 227.06 472.29 223.341 471.909 C 208.415 470.381 198.196 455.48 203.068 439.567 C 203.376 438.651 203.654 438.151 203.959 437.362 C 208.84 429.09 215.443 423.632 225.167 423.326 C 235.624 422.998 243.304 427.806 248.656 437.053 C 249.014 437.681 249.147 438.091 249.481 438.759 C 252.49 454.31 249.103 462.611 236.791 470.208 C 236.114 470.538 235.682 470.664 234.969 470.984 M 234.822 443.711 C 230.545 437.57 224.316 436.419 219.791 440.934 C 216.581 444.137 216.046 449.01 218.488 452.805 C 220.915 456.577 225.59 458.032 229.851 456.343 C 234.466 454.513 236.235 450.525 234.822 443.711 Z" style=""/>
    </g>
    <path fill="#51bb3a" opacity="1.000000" stroke="#51bb3a" stroke-width="3" d="M 290.373 -51.889 C 290.733 -51.959 291.307 -51.871 292.011 -51.654 C 291.624 -51.594 291.106 -51.663 290.373 -51.889 Z"/>
    <path fill="#51bb3a" opacity="1.000000" stroke="#51bb3a" stroke-width="3" d="M 265.737 96.727 C 265.993 97.014 268.539 99.694 268.624 102.002 C 268.704 104.151 266.359 105.892 265.646 107.314 C 259.59 107.65 246.991 107.565 246.221 107.595 C 240.298 107.564 234.68 107.698 229.118 107.206 C 226.933 107.013 224.366 103.638 225.057 100.936 C 225.264 100.635 227.533 96.505 228.04 96.36 C 235.836 96.039 248.115 95.878 249.064 95.95 C 255.123 96.236 260.43 96.482 265.737 96.727 Z"/>
  </g>
</svg>